124.757086391,124.742957672,124.529294161,124.539485626,30
124.752801132,124.707526177,124.451175138,124.538633665,31
124.757479496,124.7302938,124.499274812,124.539275749,32
124.753602794,124.698226987,124.443690794,124.539298999,33
124.753672632,124.735131946,124.518113823,124.539277493,34
124.753779757,124.719553886,124.467258897,124.5396156,35
124.755199432,124.709982262,124.480935312,124.539671229,36
124.755095597,124.700245576,124.441337371,124.540588491,37
124.756418278,124.734820629,124.515034668,124.540587994,38
124.754949085,124.727433516,124.48583823,124.538854655,39
124.755141354,124.704361714,124.465256459,124.5398847,40
124.754408307,124.699871017,124.434020963,124.539206574,41
124.758042155,124.735076246,124.511191543,124.540327078,42
124.755485736,124.735894171,124.497449743,124.539364928,43
124.755639684,124.701189687,124.449580805,124.538648122,44
124.75259677,124.702869233,124.441115764,124.538174384,45
124.757116105,124.730176705,124.499530707,124.539863541,46
124.754459759,124.734760209,124.511052099,124.539370153,47
124.753311495,124.695421,124.439245035,124.538664163,48
124.755565046,124.718093539,124.461212436,124.53897269,49
124.757365103,124.714537404,124.480863031,124.538683401,50
124.757161346,124.741496015,124.52360448,124.539134989,51
124.754393141,124.691394347,124.427810061,124.537814391,52
124.755578884,124.728110184,124.47847091,124.540478691,53
124.754047904,124.702271821,124.46445323,124.53862806,54
124.756778296,124.742284221,124.526875694,124.539942896,55
124.753538028,124.693950465,124.430082798,124.537264521,56
124.75616625,124.741126394,124.501794253,124.539395235,57
124.755353285,124.699408294,124.452716922,124.53757219,58
124.758347293,124.746615558,124.533365588,124.540693502,59
124.755184846,124.700219944,124.437299729,124.538501884,60
124.756775978,124.746369604,124.516271863,124.540884604,61
124.75356276,124.688740979,124.436517217,124.538184404,62
124.756405283,124.742849878,124.530103533,124.538889541,63
124.755218982,124.717840639,124.460417316,124.538478066,64
124.755330638,124.749589121,124.528920533,124.538759665,65
124.7525737,124.685207462,124.425831947,124.53629046,66
124.755932747,124.741060816,124.526661655,124.538855241,67
124.7565872,124.73857754,124.490183391,124.539448427,68
124.757354143,124.748645607,124.530504762,124.538159473,69
124.752922602,124.691914718,124.427953585,124.536137748,70
124.75560266,124.738009572,124.516037287,124.537356988,71
124.754821216,124.739708867,124.495897555,124.536796382,72
124.756790288,124.747735642,124.536550948,124.53753132,73
124.753309873,124.701670148,124.437728582,124.537588987,74
124.75575182,124.73529683,124.508858252,124.537928386,75
124.755712049,124.742046823,124.505555236,124.537870193,76
124.757749899,124.746838137,124.533092795,124.538670891,77
124.75364385,124.707752944,124.448880236,124.537692689,78
124.756515887,124.725604636,124.491517275,124.537233555,79
124.754346886,124.742338754,124.514056009,124.537082,80
124.756180896,124.746362457,124.528051323,124.537764321,81
124.753577137,124.72323654,124.468484273,124.538050965,82
124.754366387,124.707746751,124.473681805,124.535904883,83
124.75499898,124.736779452,124.512479625,124.536555632,84
124.754472835,124.739662189,124.51464134,124.538495793,85
124.754740069,124.734393531,124.484043764,124.539105276,86
124.752921217,124.69795872,124.457544379,124.536097895,87
124.753951312,124.736161206,124.519591024,124.537623133,88
124.754861359,124.730957175,124.505674061,124.538420493,89
124.754530773,124.739296368,124.497410816,124.538609993,90
124.752544746,124.693406621,124.445765513,124.535681915,91
124.753718045,124.735146119,124.520761121,124.536733249,92
124.756094273,124.732594841,124.501570186,124.538037568,93
124.755045805,124.743507692,124.510282798,124.539662895,94
124.753987246,124.698044891,124.44633108,124.538794004,95
124.755718478,124.741717794,124.524727759,124.539843878,96
124.756088625,124.724699341,124.488568872,124.538251712,97
124.754860428,124.746005276,124.521532807,124.539190119,98
124.753878813,124.699545141,124.439510067,124.537930623,99
124.755916409,124.743190319,124.523951583,124.539385973,100
124.75388054,124.706735673,124.468069874,124.539153584,101
124.755584452,124.742839443,124.526347316,124.538505704,102
124.753884839,124.705129996,124.440307113,124.539115921,103
124.758207718,124.757992601,124.535403893,124.541751908,104
124.754870827,124.707366939,124.463278258,124.53838866,105
124.75634429,124.750123456,124.539210062,124.539549199,106
124.753096076,124.701850527,124.436727834,124.538319369,107
124.756565155,124.754426204,124.530859909,124.540615245,108
124.752121739,124.701973935,124.453031147,124.537922165,109
124.756856836,124.750773962,124.536786871,124.539565188,110
124.764429849,124.718581201,124.64994125,124.745988516,111
124.772770606,124.756104778,124.739024335,124.770493831,112
124.769512101,124.716659504,124.672854147,124.769826859,113
124.771905316,124.762681666,124.764532963,124.770047828,114
124.770001973,124.734112857,124.689637297,124.769567916,115
124.772510452,124.738382739,124.719189279,124.768567219,116
124.768963344,124.71611256,124.665434621,124.76677095,117
124.77253816,124.765346277,124.76086368,124.769911823,118
124.771148953,124.753023599,124.715155394,124.768295307,119
124.77180873,124.730832292,124.706109761,124.76600076,120
124.771628955,124.715769825,124.663019448,124.765242664,121
124.77578187,124.768872641,124.767099344,124.770093395,122
124.774243929,124.769465114,124.739259905,124.769966974,123
124.771975576,124.725651165,124.69851021,124.76771835,124
124.770704561,124.723653086,124.672557113,124.766973878,125
124.774811341,124.763954268,124.75623922,124.768643055,126
124.773871627,124.76799168,124.743505874,124.769689915,127
124.771067452,124.726757231,124.694201154,124.768839964,128
124.770055471,124.724235587,124.674245152,124.768523535,129
124.774301888,124.759293528,124.75129676,124.768449544,130
124.773467384,124.770193658,124.749845368,124.769647071,131
124.771397441,124.725981628,124.689705877,124.769669057,132
124.770587621,124.732293262,124.689843596,124.770343373,133
124.773821289,124.754961946,124.739711118,124.770498959,134
124.774411736,124.766147016,124.753532667,124.769823981,135
124.771508926,124.721371443,124.681479525,124.768222052,136
124.772190355,124.743618421,124.703665698,124.769359313,137
124.774657588,124.747033493,124.730110219,124.769928344,138
124.772996495,124.764942412,124.753553006,124.769585457,139
124.770980766,124.718656291,124.678210597,124.767557565,140
124.773801338,124.749399339,124.713579926,124.768812618,141
124.772406935,124.737250441,124.721153614,124.76954218,142
124.772087734,124.761960506,124.758481425,124.768689283,143
124.770508862,124.721226975,124.678652943,124.768425074,144
124.771881545,124.762577747,124.728548646,124.770684751,145
124.772964938,124.738489083,124.720056666,124.769264987,146
124.771288855,124.767067008,124.765739857,124.768243972,147
124.769697037,124.718325731,124.67118465,124.768444808,148
124.774451857,124.762363317,124.733327319,124.77022644,149
124.772991411,124.733240313,124.713705748,124.771258372,150
124.759382752,124.751575611,124.56516498,124.561491543,151
124.754774022,124.699272263,124.436350296,124.536803989,152
124.758240165,124.746710516,124.506897731,124.538318702,153
124.758220105,124.717947011,124.476003675,124.53941952,154
124.758934143,124.7596092,124.551406885,124.539502121,155
124.75438234,124.702794418,124.440387551,124.536774105,156
124.756403427,124.747911049,124.511517449,124.538821174,157
124.756080906,124.711145778,124.466564169,124.537989652,158
124.760322259,124.756162639,124.548799663,124.540458471,159
124.753919127,124.703104577,124.445082935,124.536977556,160
124.757152264,124.747052937,124.519715248,124.538759641,161
124.756000491,124.704424986,124.450485626,124.539481159,162
124.7598459,124.756737039,124.5439027,124.540334673,163
124.755686793,124.716462681,124.45839163,124.53838523,164
124.758011518,124.747390552,124.524714203,124.53842535,165
124.755630526,124.700419515,124.441591665,124.536954965,166
124.760578681,124.75660207,124.54057129,124.538434681,167
124.757472857,124.73213342,124.480757005,124.538696218,168
124.758029232,124.747728684,124.529038158,124.538334079,169
124.75566056,124.699017442,124.433466632,124.536682809,170
124.75955791,124.751596855,124.531120521,124.538977913,171
124.759083028,124.745388654,124.499411278,124.539654353,172
124.758180427,124.751799218,124.535806677,124.538795739,173
124.755368047,124.700016681,124.436063839,124.537021976,174
124.759146282,124.745198962,124.522280663,124.539213202,175
124.760005094,124.75260364,124.508747934,124.539455251,176
124.758428357,124.751781611,124.539349318,124.538961432,177
124.755107548,124.703767953,124.436496517,124.538237817,178
124.758481772,124.746161488,124.520911014,124.54029097,179
124.756924349,124.755377085,124.5175383,124.539937411,180
124.757854176,124.749431797,124.53431371,124.538692064,181
124.754715699,124.705147032,124.442000958,124.536745765,182
124.758995897,124.739017548,124.512435939,124.538336149,183
124.756915938,124.750501123,124.515162453,124.538568703,184
124.7559171,124.747468565,124.535100592,124.539263774,185
124.752838619,124.714297944,124.454587042,124.537861138,186
124.758875708,124.735211261,124.503160557,124.539174882,187
124.757430805,124.74759677,124.522242282,124.538603701,188
124.75735308,124.746359659,124.525207022,124.540189614,189
124.755653885,124.72516163,124.468010723,124.537901282,190
124.75677057,124.720418292,124.484800008,124.538577327,191
124.770621895,124.760361862,124.729824627,124.746591073,192
124.774601982,124.761237212,124.757010013,124.770515335,193
124.77305146,124.753662192,124.718037097,124.770290519,194
124.714026653,124.785953813,124.576697793,124.529827316,28
124.714119277,124.745825772,124.500621566,124.529550011,29
124.716195746,124.777522886,124.570661872,124.528233244,30
124.716819143,124.746918337,124.52089633,124.531145856,31
124.716018318,124.776097706,124.565308821,124.531337268,32
124.714382613,124.738719711,124.488064813,124.53083801,33
124.716960086,124.775385106,124.568252527,124.530764863,34
124.718593615,124.747434507,124.519216499,124.532422646,35
124.716783181,124.779867503,124.57549123,124.532518304,36
124.715715797,124.747797086,124.497148768,124.530850829,37
124.718485906,124.785063887,124.57533826,124.531796446,38
124.71694317,124.753123347,124.524324648,124.532617814,39
124.716810657,124.785028595,124.579892649,124.53205743,40
124.715151112,124.747967675,124.498977781,124.532388769,41
124.717478173,124.783618635,124.568422599,124.533344883,42
124.717902012,124.747071401,124.509510261,124.531926618,43
124.715344152,124.779862817,124.576292964,124.532169001,44
124.714653149,124.744147393,124.486816514,124.531083241,45
124.718916531,124.779379784,124.566752582,124.531455166,46
124.716149144,124.74153051,124.502395187,124.531181737,47
124.715473391,124.780729537,124.57808225,124.529951663,48
124.714297917,124.744169331,124.487351095,124.529375812,49
124.716908479,124.774170067,124.555440358,124.530862528,50
124.715123544,124.742790981,124.49859009,124.530574999,51
124.716598441,124.783304006,124.584647,124.529856913,52
124.713716195,124.751635954,124.50213792,124.528530437,53
124.716764393,124.764279284,124.545263642,124.530603315,54
124.714487264,124.741155262,124.495033857,124.528786608,55
124.716102697,124.785481941,124.579769444,124.528895781,56
124.71291145,124.763487005,124.517351953,124.527169751,57
124.716483879,124.755630056,124.531457467,124.52944165,58
124.714243093,124.737152203,124.485354042,124.529355201,59
124.715876882,124.782868899,124.578682778,124.53070278,60
124.712566256,124.773411165,124.533309456,124.529651691,61
124.71768359,124.750012694,124.523415684,124.530127053,62
124.715623745,124.736841103,124.485799913,124.52805564,63
124.717981362,124.777581778,124.567190455,124.52964817,64
124.714339741,124.776090405,124.53882153,124.52768681,65
124.716969765,124.744459601,124.513547786,124.529516795,66
124.714795559,124.744157887,124.488867155,124.529100729,67
124.715639058,124.779785217,124.566305564,124.528177042,68
124.713268915,124.777944853,124.548262823,124.527338804,69
124.715499944,124.742178819,124.509691379,124.528776567,70
124.715043664,124.739621983,124.487235089,124.528895568,71
124.716577112,124.769952828,124.556145619,124.530000533,72
124.714258755,124.781100637,124.557151086,124.527862248,73
124.717573563,124.74771466,124.511502443,124.528733432,74
124.714365421,124.751249858,124.502445054,124.527482791,75
124.717751744,124.773755407,124.559654124,124.529151774,76
124.714934938,124.780322842,124.559831535,124.528139479,77
124.714996424,124.742743052,124.498842269,124.527287091,78
124.713625655,124.757123568,124.508046909,124.527060643,79
124.716768763,124.768275091,124.550492791,124.527010825,80
124.713782693,124.778766855,124.559731623,124.525201792,81
124.71378832,124.739446588,124.492069693,124.526651956,82
124.714223061,124.76458042,124.519595869,124.526658921,83
124.718404093,124.760478555,124.540340497,124.527318799,84
124.714928536,124.782506595,124.573570021,124.525930423,85
124.713763457,124.741327106,124.489741798,124.526314864,86
124.71447621,124.772789151,124.528985864,124.52762629,87
124.717896542,124.757475516,124.531897152,124.527040551,88
124.717535599,124.785701505,124.581112214,124.527340559,89
124.71462699,124.739311804,124.48421581,124.524979453,90
124.713929386,124.775201479,124.538673829,124.524830015,91
124.717497868,124.751170136,124.519213486,124.526152162,92
124.71678623,124.787990475,124.587493211,124.524999497,93
124.71486327,124.744313802,124.489257135,124.525180515,94
124.715295901,124.78009286,124.553825795,124.525871049,95
124.717933562,124.746024033,124.510715316,124.526828448,96
124.717265859,124.785682561,124.586989169,124.527569608,97
124.716664674,124.751038183,124.494663786,124.525121612,98
124.713763621,124.784414147,124.564066301,124.52629437,99
124.717340117,124.742882459,124.498317856,124.526326176,100
124.717553482,124.788534047,124.586407076,124.526801117,101
124.716517987,124.764185062,124.51666537,124.526133236,102
124.717171755,124.788200337,124.57390723,124.526435159,103
124.717698732,124.744124842,124.494640766,124.527428556,104
124.718369648,124.784977734,124.580317747,124.528569746,105
124.71696133,124.772590171,124.530052288,124.527730293,106
124.717008124,124.790176922,124.579295849,124.528795327,107
124.716629055,124.746634036,124.494051996,124.527188061,108
124.716643241,124.779045899,124.568854637,124.52786694,109
124.762666287,124.793547081,124.751051405,124.746956578,110
124.769286492,124.805228063,124.818247275,124.770022737,111
124.767959128,124.761021,124.728457644,124.769152532,112
124.770379226,124.793280096,124.799598008,124.768710284,113
124.767905802,124.798757424,124.790061991,124.768159253,114
124.767786748,124.803578916,124.818755551,124.768223209,115
124.767027749,124.763881992,124.726895326,124.768472587,116
124.769157221,124.783602631,124.786343411,124.768895552,117
124.766521767,124.793286908,124.785747104,124.768383475,118
124.768930398,124.797177294,124.814399013,124.769294625,119
124.767216126,124.771308732,124.74378119,124.767955643,120
124.770893577,124.787751977,124.78931135,124.769780232,121
124.767422552,124.798317325,124.797716307,124.767436305,122
124.769236387,124.799137303,124.812366985,124.768472117,123
124.767575715,124.782874324,124.752089424,124.767396642,124
124.771107824,124.778283909,124.772534605,124.768727212,125
124.767051902,124.801205129,124.808618821,124.767760111,126
124.76882564,124.794247578,124.802826663,124.767631527,127
124.766166587,124.788457792,124.761054585,124.766028906,128
124.770105442,124.770055103,124.762302072,124.76680871,129
124.767612805,124.800581659,124.81370924,124.766178287,130
124.769160086,124.800785115,124.80823426,124.766801159,131
124.765912547,124.797068238,124.780718229,124.766212798,132
124.769962484,124.771390372,124.759700801,124.767044059,133
124.769202249,124.80753158,124.824189177,124.767201174,134
124.769075587,124.801062849,124.805937805,124.767857233,135
124.766630715,124.79671032,124.787383815,124.76568388,136
124.768661528,124.761884799,124.745426152,124.766836946,137
124.769219907,124.805047202,124.822239619,124.765068073,138
124.771106389,124.792900467,124.798901065,124.766538763,139
124.767000927,124.793995996,124.792884208,124.763996712,140
124.767908065,124.758082584,124.733275323,124.765498602,141
124.770478092,124.801545121,124.815468073,124.765529948,142
124.7728763,124.780385109,124.781004088,124.766538815,143
124.768902397,124.793738256,124.795666158,124.766086433,144
124.768496689,124.749394711,124.719291076,124.766855206,145
124.77229243,124.800171252,124.810489852,124.766172588,146
124.770977813,124.778650033,124.774874814,124.767060576,147
124.769588563,124.805658216,124.818379927,124.768506692,148
124.769434249,124.752072494,124.716527704,124.768435813,149
124.724237925,124.781480361,124.58937116,124.550842679,150
124.7188491,124.75517143,124.527304015,124.524820378,151
124.717686691,124.795349891,124.587735124,124.524222118,152
124.718133328,124.74782087,124.491670807,124.523008152,153
124.71884083,124.778331802,124.563219933,124.522415787,154
124.718717001,124.742478442,124.5032695,124.521354212,155
124.719361741,124.78951817,124.585330753,124.52175445,156
124.716490791,124.749554587,124.49297621,124.521542826,157
124.718964196,124.780558436,124.563885661,124.522064793,158
124.717116716,124.744910719,124.500900578,124.522669909,159
124.7176077,124.787029312,124.579690409,124.523451282,160
124.717199276,124.755150692,124.500923494,124.52441127,161
124.721256512,124.780187322,124.562987515,124.524103955,162
124.718337761,124.748392167,124.504113689,124.523733648,163
124.718816991,124.784208382,124.575078911,124.523009807,164
124.716023396,124.758046996,124.506064924,124.522551628,165
124.720780374,124.768506269,124.545132261,124.52439345,166
124.717052878,124.747792287,124.499871988,124.523277536,167
124.71754186,124.78569331,124.577296455,124.523527199,168
124.716152296,124.779063564,124.531939883,124.522111552,169
124.71889621,124.760395996,124.534005224,124.524089579,170
124.716161985,124.742056876,124.489724654,124.524372082,171
124.717523975,124.781641503,124.571028309,124.525465678,172
124.715339757,124.780899124,124.53972731,124.522592011,173
124.717791365,124.756889851,124.525661568,124.523386726,174
124.715702423,124.745625927,124.488297346,124.52302385,175
124.71719944,124.788977036,124.576637368,124.521630725,176
124.715560772,124.782345822,124.543562638,124.520956978,177
124.718712399,124.754907484,124.51956812,124.522140826,178
124.717146365,124.751459155,124.49774456,124.521792104,179
124.718845016,124.787605678,124.576049771,124.521590705,180
124.715055587,124.778389906,124.544423072,124.52033702,181
124.718124865,124.747224839,124.506471827,124.522648011,182
124.715525234,124.752746544,124.496618601,124.521327186,183
124.720233608,124.787866251,124.573222117,124.522820041,184
124.717544132,124.791736457,124.567500769,124.522589468,185
124.717619019,124.749581035,124.502622375,124.522250971,186
124.715763768,124.759153619,124.503561572,124.522042107,187
124.719194881,124.784369052,124.563802681,124.5230362,188
124.716513198,124.790616953,124.570582364,124.521415699,189
124.715410309,124.744515458,124.496378551,124.521647469,190
124.767237192,124.772069197,124.737112533,124.763356245,191
124.772832946,124.780079284,124.779524909,124.764863681,192
124.769944354,124.804839726,124.809779184,124.76209475,193
124.769172615,124.759758395,124.728534467,124.762716253,194
124.768324151,124.784035823,124.756408482,124.763257362,195
124.771104646,124.776098102,124.770010421,124.765103309,196
124.769491472,124.805484481,124.813287891,124.764532725,197
124.770297788,124.765377781,124.735281257,124.765247865,198
124.768518462,124.794386164,124.773641441,124.764412173,199
124.771113811,124.772923019,124.763944526,124.764681479,200
124.771399254,124.808487151,124.818365358,124.764076755,201
124.770288253,124.768346051,124.735131436,124.762871707,202
124.76850422,124.798738986,124.777389282,124.761780635,203
124.77051984,124.767981992,124.75681629,124.762966186,204
124.769111623,124.803285904,124.812485851,124.763368197,205
124.768995969,124.769718617,124.732301565,124.762539321,206
124.768275899,124.801399808,124.787890161,124.762063632,207
124.770658535,124.769253603,124.758301587,124.763430852,208
124.769932604,124.799260655,124.814701293,124.763024532,209
124.768195208,124.767240672,124.727756051,124.760759333,210
124.767517331,124.801812351,124.790424095,124.762730633,211
124.769682188,124.766495758,124.748689223,124.764001042,212
124.77012404,124.798375293,124.811087701,124.763134552,213
124.769182672,124.764103033,124.728303587,124.762588237,214
124.769356173,124.796376267,124.788239055,124.762714716,215
124.772516978,124.76169875,124.741568513,124.763973625,216
124.770880937,124.795732418,124.807042606,124.76430586,217
124.768729522,124.758501991,124.721100647,124.762634472,218
124.768329403,124.793535887,124.787778953,124.764511563,219
124.770701638,124.754419844,124.727533169,124.765310321,220
124.772910925,124.798824637,124.809605265,124.764398947,221
124.76894245,124.767958333,124.733920036,124.763364856,222
124.771034462,124.795760744,124.794224353,124.763969566,223
124.77059792,124.757001161,124.721011766,124.764910706,224
124.77201911,124.800119568,124.810584098,124.765209144,225
124.769231237,124.782070544,124.754378299,124.763432864,226
124.769431967,124.789519775,124.791642303,124.765489268,227
124.768516544,124.751152163,124.712600546,124.764111919,228
124.771164317,124.796650975,124.804729903,124.764041333,229
124.767894272,124.785874996,124.760887189,124.762004793,230
124.77075787,124.798474034,124.808574676,124.763707081,231
124.720960254,124.740053408,124.506367445,124.544360567,232
124.718806024,124.773812253,124.558793729,124.521264986,233
124.716379922,124.773753089,124.531739867,124.519440188,234
124.719586951,124.781960542,124.57507514,124.520880143,235
124.717519295,124.738510297,124.480738787,124.520285934,236
124.71919477,124.771334594,124.553204867,124.522116208,237
124.716567697,124.777916851,124.543194317,124.520822428,238
124.718741743,124.785414087,124.579950972,124.5222384,239
124.717075751,124.748198311,124.490570039,124.52090749,240
124.719803611,124.773555492,124.556223412,124.521998162,241
124.718774753,124.783456243,124.555076314,124.520611415,242
124.719688976,124.783674191,124.575916667,124.521650589,243
124.718206665,124.749669721,124.494007924,124.521452047,244
124.770992276,124.802153283,124.794003812,124.529016386,28
124.769570863,124.790414637,124.799018922,124.530904683,29
124.768816502,124.820946793,124.843285637,124.529867054,30
124.769266035,124.817970516,124.842891943,124.530100467,31
124.768224814,124.797414861,124.786115882,124.529516284,32
124.769816997,124.77907423,124.786075972,124.530064552,33
124.768878543,124.813804588,124.8330468,124.528961849,34
124.770755772,124.817664672,124.844510835,124.528625604,35
124.770139931,124.797294505,124.785936592,124.529104159,36
124.769030122,124.794217547,124.803726287,124.530974224,37
124.7707979,124.818174292,124.836831626,124.530599354,38
124.769407073,124.82189343,124.852444238,124.530230947,39
124.771146697,124.802205468,124.792343604,124.528944242,40
124.770455717,124.806381405,124.822611432,124.531164557,41
124.770362522,124.819681336,124.835934203,124.530153931,42
124.770668619,124.821688481,124.851034101,124.531715232,43
124.770825558,124.798116336,124.784077991,124.530353149,44
124.772252912,124.811417872,124.829187824,124.532997579,45
124.771251982,124.818842557,124.833029559,124.530750424,46
124.77018558,124.817197924,124.845944474,124.530381411,47
124.769858228,124.786196626,124.76923345,124.530136593,48
124.770335119,124.807415116,124.823886587,124.530798546,49
124.770708944,124.810418732,124.821650782,124.530484257,50
124.771416511,124.816981996,124.849678392,124.530807204,51
124.771041493,124.785185577,124.767341075,124.530669472,52
124.771742027,124.817967752,124.839777115,124.531845034,53
124.772912437,124.818696545,124.829153014,124.530561171,54
124.77212446,124.820482735,124.852364051,124.531006015,55
124.770988122,124.776399772,124.753732177,124.530189054,56
124.771481642,124.812224265,124.834829612,124.531770309,57
124.771544676,124.814510917,124.8223265,124.531794235,58
124.769655741,124.821553692,124.856018811,124.532653007,59
124.770299004,124.775478726,124.755464089,124.531345391,60
124.770552314,124.815387435,124.83725565,124.53211875,61
124.771117213,124.81487082,124.822242986,124.53035295,62
124.770509908,124.826641766,124.857875611,124.531783233,63
124.769851109,124.780886952,124.759567638,124.530496134,64
124.771592015,124.814880574,124.835577557,124.532008012,65
124.771918812,124.814243433,124.815647173,124.529877345,66
124.771141907,124.820828584,124.851903201,124.532566324,67
124.77035917,124.774761502,124.754984663,124.531685371,68
124.771083391,124.809551868,124.828552023,124.532390584,69
124.772157573,124.811817203,124.810515926,124.53265595,70
124.772696271,124.82551153,124.851182847,124.532967567,71
124.773173633,124.783871939,124.767576604,124.533195755,72
124.772521873,124.815191124,124.838716268,124.533656195,73
124.77171622,124.805394365,124.802193958,124.532959881,74
124.772158882,124.817527919,124.845792083,124.534167788,75
124.774012757,124.77957977,124.767667824,124.53360916,76
124.773792264,124.814057188,124.838060408,124.533404289,77
124.7719821,124.799594083,124.79112178,124.532621933,78
124.772905278,124.814143016,124.837222164,124.534073618,79
124.771268925,124.775682976,124.760047431,124.533295062,80
124.772312123,124.813273945,124.838411831,124.534177377,81
124.7724212,124.793146866,124.78212132,124.533071338,82
124.772304742,124.817513234,124.836090444,124.53352052,83
124.772722337,124.780353183,124.759135196,124.533129171,84
124.770861558,124.817893529,124.844472184,124.535180715,85
124.77096972,124.798657517,124.785796418,124.533527236,86
124.770219313,124.817425941,124.83887811,124.533566791,87
124.770221073,124.772810013,124.754495062,124.534352884,88
124.770806278,124.818825769,124.846016372,124.534092213,89
124.771150197,124.800057761,124.788383223,124.533031732,90
124.77186908,124.821409321,124.843035162,124.533028522,91
124.769521606,124.775446113,124.76047942,124.533438103,92
124.772388355,124.814732803,124.842384382,124.532966635,93
124.772986505,124.794428003,124.784214458,124.531633922,94
124.773675851,124.819453983,124.839148818,124.531897735,95
124.773616502,124.779073452,124.770218475,124.53195808,96
124.772515337,124.815586803,124.842899733,124.533365448,97
124.772729342,124.789127894,124.775300041,124.530629789,98
124.77116414,124.815996563,124.832223855,124.532213523,99
124.772528797,124.77449326,124.76648471,124.531849955,100
124.772689922,124.811173275,124.843082778,124.533756521,101
124.771937974,124.787150904,124.7761853,124.531280095,102
124.770560977,124.817341518,124.834732149,124.532132259,103
124.770594199,124.77554681,124.767777869,124.532552887,104
124.77121066,124.812196962,124.842488461,124.53332598,105
124.769825884,124.78414228,124.770947622,124.532229152,106
124.771728748,124.81647962,124.835048663,124.532228051,107
124.771694054,124.784448045,124.777669657,124.53255436,108
124.772073629,124.819610725,124.850132109,124.533982668,109
124.771582648,124.779906952,124.761258097,124.750132465,110
124.773368553,124.80626197,124.819948156,124.774364126,111
124.772611722,124.773407904,124.764879653,124.774101392,112
124.772604926,124.819559538,124.854360423,124.774137475,113
124.771418512,124.782747281,124.768640947,124.772789373,114
124.771394522,124.815038255,124.828941588,124.774138313,115
124.772294233,124.773874136,124.765804543,124.775194353,116
124.771945421,124.818726149,124.849566848,124.774248636,117
124.772054274,124.783052057,124.766619662,124.773986485,118
124.771727033,124.815797663,124.83065253,124.774440942,119
124.772396869,124.773212064,124.766868007,124.774688037,120
124.773307226,124.822722878,124.854080327,124.776253599,121
124.772472586,124.781425372,124.766653071,124.774323771,122
124.772633794,124.814073135,124.828927144,124.776004818,123
124.771190556,124.774911426,124.768823646,124.776420199,124
124.773046451,124.81807662,124.84878588,124.77655888,125
124.772288316,124.784967018,124.768455973,124.776016833,126
124.77498693,124.81366839,124.82351752,124.775940354,127
124.773093761,124.77223218,124.768324418,124.776843587,128
124.772580943,124.807721145,124.837774533,124.777007701,129
124.770462259,124.768782172,124.746348438,124.776724272,130
124.772615171,124.815056621,124.826076357,124.776674011,131
124.771387435,124.780249131,124.776249346,124.777232959,132
124.772274177,124.817758512,124.846761165,124.777201367,133
124.77317419,124.775494349,124.75464933,124.77653357,134
124.772483173,124.809790665,124.815642983,124.776892635,135
124.772108974,124.775517497,124.773835512,124.777407784,136
124.772781666,124.816154565,124.845257357,124.777717128,137
124.772965125,124.777253306,124.756219034,124.77532908,138
124.772098124,124.808093769,124.810073871,124.775640167,139
124.77218883,124.773277816,124.772309563,124.776326086,140
124.772156509,124.809960809,124.840923937,124.776540464,141
124.772834032,124.769169369,124.747325338,124.775423376,142
124.772042752,124.806150055,124.80579674,124.777414719,143
124.771789882,124.773949932,124.770729829,124.778181734,144
124.77262007,124.813072337,124.83804271,124.777444018,145
124.771344932,124.765737176,124.742062236,124.77742374,146
124.773744138,124.803480268,124.803009471,124.776717001,147
124.773127421,124.779373774,124.778590551,124.777689832,148
124.772582628,124.817331871,124.846361405,124.77826747,149
124.771686812,124.766922381,124.747439752,124.777047402,150
124.772807085,124.80538772,124.80450733,124.534501814,151
124.772551685,124.777131454,124.778564336,124.535955849,152
124.772794655,124.815305336,124.844267485,124.53505758,153
124.770449367,124.769161804,124.749984809,124.533264724,154
124.769746445,124.808055539,124.806859079,124.534167947,155
124.77037365,124.778635041,124.78310614,124.535546292,156
124.767084216,124.744381474,124.520430763,124.77288076,27
124.769459145,124.788088574,124.604944907,124.773139841,28
124.768021849,124.758834127,124.521652501,124.773223054,29
124.768398885,124.790309129,124.582502341,124.774024051,30
124.767976638,124.751830735,124.535155934,124.773668249,31
124.769830273,124.794258333,124.612407721,124.774174525,32
124.769468139,124.757456872,124.523282213,124.772829342,33
124.769715647,124.785688561,124.574293754,124.773404461,34
124.769306304,124.762084316,124.55173544,124.774191412,35
124.770115264,124.793006144,124.606850394,124.773779944,36
124.768645352,124.751525788,124.515707921,124.772809492,37
124.770322686,124.786513893,124.569939803,124.772683175,38
124.769146537,124.764443217,124.561049086,124.774061458,39
124.767988576,124.785288126,124.599124059,124.772623233,40
124.768022741,124.750986954,124.520043033,124.773411203,41
124.769502201,124.769626783,124.542933362,124.773417205,42
124.768145619,124.764514541,124.564605156,124.773360755,43
124.769236909,124.793627605,124.605863036,124.773466206,44
124.76990047,124.743935014,124.516833461,124.771871243,45
124.770367302,124.759850311,124.53141544,124.773054277,46
124.770936023,124.770740506,124.574067946,124.773326009,47
124.77055216,124.788009643,124.593025722,124.773413596,48
124.771195596,124.743908109,124.52007045,124.773449739,49
124.767323028,124.753019154,124.518797403,124.772637574,50
124.76860502,124.777836303,124.587719065,124.773231848,51
124.770226803,124.789661292,124.589026441,124.77343154,52
124.768652114,124.74918076,124.531541513,124.772316261,53
124.770533818,124.750265784,124.516714203,124.772775097,54
124.770934861,124.779244918,124.585405592,124.772276691,55
124.77016419,124.784977864,124.576630368,124.77328727,56
124.767902494,124.747779929,124.534441109,124.771718236,57
124.768850361,124.74977741,124.519198765,124.773163208,58
124.767638081,124.782734574,124.591781124,124.772787402,59
124.767280859,124.784535918,124.570592447,124.772716375,60
124.767228411,124.760320076,124.552717265,124.772707706,61
124.766669661,124.755324868,124.523793518,124.771989207,62
124.765950132,124.792302582,124.603293466,124.773335633,63
124.768667669,124.780526935,124.564296313,124.772434852,64
124.768519315,124.765514005,124.565657243,124.772583266,65
124.768871406,124.753366309,124.524014333,124.773034011,66
124.768243444,124.788147508,124.610364931,124.771814915,67
124.769418138,124.768360222,124.548000118,124.771527114,68
124.76884754,124.770012369,124.57582762,124.772035119,69
124.768388784,124.755902488,124.532749698,124.772724467,70
124.766998065,124.790654714,124.60890259,124.771579941,71
124.766200277,124.767980281,124.542381731,124.772519596,72
124.767455787,124.774633709,124.582775749,124.771967316,73
124.766921389,124.747562058,124.526974155,124.772945253,74
124.769499345,124.797492994,124.622415963,124.773466071,75
124.767957735,124.767541101,124.542262074,124.774019346,76
124.767883411,124.781577126,124.591097828,124.773242707,77
124.769639635,124.755136264,124.536764379,124.772534233,78
124.769930603,124.800700837,124.625746071,124.7731526,79
124.768727094,124.764338251,124.540122305,124.771837633,80
124.77054081,124.78005923,124.591639123,124.771485442,81
124.76845227,124.744149998,124.525421686,124.77208536,82
124.769311569,124.788116033,124.613655845,124.773494171,83
124.766993388,124.753166861,124.526707734,124.772111494,84
124.767499821,124.778934551,124.59337492,124.772408649,85
124.766269574,124.744079436,124.532213707,124.772493817,86
124.768106362,124.783646128,124.606809226,124.773594162,87
124.768407695,124.751404764,124.519272501,124.77306716,88
124.769892404,124.783247156,124.599432188,124.771957372,89
124.76875386,124.74803918,124.541432112,124.772102919,90
124.769915355,124.782223819,124.605075188,124.772407613,91
124.768123719,124.751124093,124.525094807,124.773426654,92
124.768382694,124.788042312,124.607840541,124.772208349,93
124.767412459,124.754874037,124.553644062,124.771741905,94
124.768572839,124.789652888,124.613218794,124.773370221,95
124.766412688,124.755402921,124.530339123,124.773114033,96
124.767915696,124.797327645,124.617558749,124.773689257,97
124.767954038,124.766451178,124.568957753,124.773108788,98
124.77031636,124.797479091,124.625405097,124.772980572,99
124.767963119,124.752418472,124.528552041,124.772001847,100
124.768675952,124.790814887,124.613758375,124.771911549,101
124.767881757,124.75766837,124.563218699,124.772138771,102
124.768309548,124.791625056,124.615173503,124.771792878,103
124.767211278,124.746068697,124.521294353,124.773049558,104
124.768542909,124.787474187,124.610970288,124.772500032,105
124.768522509,124.765976219,124.569634996,124.772554247,106
124.768978962,124.801646968,124.623787294,124.772309944,107
124.766353154,124.755474808,124.536876287,124.771733691,108
124.768520137,124.79067495,124.825562367,124.772362013,109
124.768015592,124.764521851,124.799838665,124.771942072,110
124.768592774,124.796705347,124.843392515,124.771612821,111
124.766890563,124.756921316,124.767053095,124.771461236,112
124.768264183,124.792460024,124.847360339,124.772364429,113
124.768796004,124.765907103,124.801576712,124.771564433,114
124.770871717,124.795347384,124.836232901,124.772253497,115
124.769862633,124.755520327,124.772206543,124.771899328,116
124.770294111,124.78320931,124.836394494,124.771949313,117
124.771346317,124.778303977,124.819978395,124.771000626,118
124.770598335,124.791806408,124.828113078,124.772078178,119
124.768936407,124.751320816,124.768111989,124.770888685,120
124.77060704,124.792704401,124.852459575,124.771796172,121
124.770684386,124.78731498,124.831264465,124.772572596,122
124.771696829,124.784705748,124.814593497,124.7720646,123
124.770948252,124.757571286,124.777180222,124.771902951,124
124.771489067,124.800073487,124.859280209,124.772287964,125
124.772889871,124.789612535,124.834365449,124.771512492,126
124.773568633,124.790314793,124.819016227,124.770987046,127
124.772736499,124.761351297,124.786238234,124.771292558,128
124.771791899,124.795570565,124.85110475,124.772195254,129
124.77341058,124.79629039,124.848646023,124.772292071,130
124.771422556,124.794666009,124.819479823,124.772182546,131
124.770775808,124.759592386,124.787287215,124.77148339,132
124.770888822,124.791297298,124.844095011,124.771927812,133
124.772085122,124.792121611,124.843400034,124.77148374,134
124.770314875,124.783541182,124.803040606,124.7711727,135
124.772128184,124.75940665,124.792052194,124.771860417,136
124.770677048,124.79002901,124.838729564,124.771461248,137
124.770706323,124.789786419,124.840750926,124.771084693,138
124.770425476,124.781330366,124.798570257,124.772578332,139
124.770176758,124.770556201,124.808165168,124.77111981,140
124.770014109,124.785635753,124.827767718,124.771419488,141
124.769928828,124.785330096,124.836702985,124.77111552,142
124.769020023,124.769638751,124.779684151,124.77057927,143
124.770212629,124.778097981,124.81727518,124.770797474,144
124.768368338,124.784467507,124.824461638,124.771532371,145
124.768747597,124.784770444,124.841877183,124.770397267,146
124.769712524,124.761752098,124.770633865,124.772029488,147
124.771691616,124.783650189,124.83010356,124.771098142,148
124.768101584,124.78203347,124.614782386,124.771155799,149
124.769696081,124.789272509,124.619725593,124.771785137,150
124.76773692,124.751488595,124.527057798,124.77012345,151
124.769146572,124.77829199,124.59632818,124.770216175,152
124.768203083,124.78142125,124.585962566,124.770320308,153
124.76966976,124.792887739,124.625088405,124.771428529,154
124.766814418,124.748031976,124.522472149,124.770375065,155
124.768310993,124.781875095,124.603593942,124.770926126,156
124.768713303,124.790839477,124.597032512,124.770875273,157
124.769649048,124.786691348,124.61405328,124.77078735,158
124.767890964,124.740580828,124.517612165,124.76968872,159
124.768622512,124.783305069,124.604790132,124.771475544,160
124.769589234,124.790205257,124.590319454,124.770777111,161
124.77106927,124.791390153,124.624009085,124.771056676,162
124.76876221,124.752348535,124.532203145,124.770225453,163
124.76994544,124.783872974,124.606709807,124.770375853,164
124.770566459,124.783656715,124.581942397,124.770220082,165
124.770972625,124.786394167,124.613336227,124.770675522,166
124.769130026,124.754202765,124.538186538,124.769979203,167
124.770520948,124.788215553,124.61325912,124.77077318,168
124.770217072,124.767951389,124.555150879,124.770292087,169
124.769855154,124.785853947,124.610562531,124.76994663,170
124.770894422,124.755168746,124.541157025,124.769734481,171
124.772752387,124.788459846,124.619944879,124.769703229,172
124.766532124,124.765347255,124.551656756,124.77067655,173
124.767303411,124.78762838,124.607981515,124.770105241,174
124.766746324,124.758396695,124.545876903,124.7699172,175
124.764926871,124.78755744,124.617715883,124.769618421,176
124.765827811,124.756588667,124.54058043,124.770711885,177
124.765546345,124.792275083,124.609753076,124.770890197,178
124.766085339,124.754841823,124.54375917,124.770540856,179
124.764916938,124.790759297,124.621742753,124.770860475,180
124.764453425,124.762379275,124.543707709,124.771459903,181
124.765901905,124.796167378,124.607056806,124.7715394,182
124.765481944,124.752899375,124.546502716,124.769608881,183
124.766717616,124.797034991,124.630758869,124.771688877,184
124.765917561,124.764951193,124.546466767,124.770564526,185
124.765813656,124.79629163,124.603792659,124.771687508,186
124.765058995,124.756778314,124.553595266,124.770838635,187
124.768239525,124.801236247,124.633278359,124.771829091,188
124.769059983,124.770274466,124.75792423,124.772265802,189
124.771282988,124.797113423,124.827162022,124.772058294,190
124.769741675,124.766739266,124.797657343,124.771340904,191
124.769367948,124.802416928,124.861780892,124.770806998,192
124.769361239,124.773084842,124.786230261,124.770784465,193
124.770064386,124.79123209,124.8171336,124.770573893,194
124.769266914,124.773401866,124.816347187,124.772044386,195
124.768844629,124.804525655,124.858953905,124.771491859,196
124.771214916,124.758253336,124.536522437,124.772000319,28
124.771415748,124.797792932,124.618973567,124.772762757,29
124.771105345,124.777634055,124.556816238,124.772140009,30
124.771660882,124.803536191,124.609263504,124.771734221,31
124.769701367,124.761071858,124.54357672,124.770843763,32
124.770828827,124.795419861,124.618298719,124.771303819,33
124.769556808,124.768804639,124.54220456,124.772259289,34
124.770006349,124.805593672,124.605440716,124.773465236,35
124.770519536,124.776333531,124.569880782,124.77241567,36
124.771301992,124.803360637,124.626034231,124.772918346,37
124.770836991,124.76531579,124.534154882,124.772096364,38
124.770127359,124.798353746,124.591036195,124.771894875,39
124.770683364,124.779274039,124.575765914,124.772949928,40
124.771866929,124.813444649,124.639258034,124.77304773,41
124.771147596,124.771982927,124.543941942,124.77269785,42
124.771650999,124.791320185,124.57375113,124.772506104,43
124.770295153,124.782237275,124.583359222,124.772468913,44
124.771598734,124.805520085,124.619950247,124.772906039,45
124.770182076,124.765435214,124.538601307,124.773506823,46
124.772462682,124.78453774,124.561105916,124.770997846,47
124.773063794,124.798321108,124.60598541,124.772856209,48
124.772103311,124.812917302,124.620236812,124.772990476,49
124.76922828,124.767503339,124.550218901,124.772094682,50
124.770713153,124.775951307,124.545679275,124.772303661,51
124.770843277,124.803537505,124.614528248,124.772795389,52
124.770630627,124.812555683,124.610092192,124.771988217,53
124.77060626,124.781886144,124.574269894,124.771219853,54
124.771287052,124.783346717,124.558508987,124.771631716,55
124.771271407,124.812380289,124.628305573,124.771932181,56
124.77077797,124.809918884,124.600918002,124.771749414,57
124.769846077,124.787245373,124.587822669,124.771061345,58
124.771245656,124.775919728,124.551083756,124.771614296,59
124.769836401,124.810509516,124.630660907,124.771597835,60
124.772052915,124.793018149,124.574163613,124.771286573,61
124.770841216,124.793616602,124.602017345,124.772228638,62
124.772866396,124.778028673,124.559047527,124.771804606,63
124.772144845,124.816756346,124.643417515,124.771656034,64
124.772044021,124.782718744,124.557962545,124.770053726,65
124.772425448,124.81198028,124.625282416,124.771058889,66
124.77240773,124.783879962,124.572456859,124.771213798,67
124.772297246,124.820038887,124.646569147,124.771517995,68
124.77155574,124.773448315,124.541835311,124.771921015,69
124.772624601,124.809227208,124.624081965,124.771507956,70
124.772532939,124.783092558,124.577981156,124.771222872,71
124.773800684,124.820359863,124.644184254,124.771404394,72
124.773781066,124.77609243,124.552682862,124.771362442,73
124.773792857,124.814547141,124.635165482,124.771245212,74
124.77275919,124.790907814,124.59527103,124.771031314,75
124.77346326,124.819347593,124.631619002,124.771885888,76
124.772923637,124.779614693,124.560223129,124.771973989,77
124.773796084,124.817054689,124.643522441,124.772519655,78
124.772874945,124.807022879,124.614598028,124.771615703,79
124.774160421,124.816870452,124.621044422,124.771000031,80
124.772894631,124.778059121,124.562734964,124.771213958,81
124.773352087,124.812214059,124.634106194,124.771620083,82
124.77284313,124.808589117,124.623035013,124.770960003,83
124.7729033,124.80891247,124.598135696,124.770984814,84
124.773789174,124.785273877,124.586272757,124.771188779,85
124.773368129,124.81940908,124.641766555,124.771074525,86
124.773925511,124.815976242,124.639653721,124.771935442,87
124.773007789,124.799877749,124.584354329,124.772630185,88
124.773674678,124.801954945,124.613061335,124.771929678,89
124.77414481,124.824172248,124.639576004,124.770981999,90
124.771720415,124.819209837,124.643937692,124.771742574,91
124.772334598,124.77803048,124.551327375,124.771462978,92
124.77246274,124.803278286,124.615054459,124.771647175,93
124.770474707,124.811321693,124.615620479,124.771914327,94
124.771494514,124.818952673,124.648166546,124.771107607,95
124.770588268,124.776571495,124.548120671,124.770808115,96
124.771811092,124.808900256,124.625616364,124.770694476,97
124.771105901,124.813975323,124.605189599,124.770813561,98
124.772716189,124.819474983,124.641019504,124.770258058,99
124.771685978,124.781612396,124.554474961,124.770665241,100
124.770842208,124.815053138,124.63368834,124.771708098,101
124.773400058,124.806764833,124.592363191,124.771327383,102
124.773763571,124.820434123,124.637304604,124.772346478,103
124.771918336,124.779458579,124.561804326,124.771324924,104
124.773286568,124.812379078,124.638459344,124.771422413,105
124.772611309,124.785557598,124.559685817,124.770850164,106
124.771503259,124.81391495,124.617871808,124.771192469,107
124.772996188,124.780355314,124.567686483,124.771074044,108
124.772887647,124.812701529,124.639447948,124.771476191,109
124.77128701,124.773134455,124.746161586,124.770433866,110
124.773590393,124.801957863,124.822425391,124.771916689,111
124.775003114,124.779083288,124.799518835,124.770174369,112
124.773785395,124.816049694,124.866166202,124.772032228,113
124.772793421,124.773870281,124.77313872,124.770352861,114
124.773187989,124.797623001,124.810746212,124.770571673,115
124.77402607,124.782298864,124.811881931,124.771440699,116
124.775550272,124.815340388,124.85946298,124.771542448,117
124.773448075,124.772129574,124.772817784,124.771765781,118
124.774468048,124.791639834,124.800171614,124.770745017,119
124.774719978,124.788067843,124.824156059,124.771638104,120
124.774736495,124.812394258,124.855861168,124.771678136,121
124.773375558,124.773140191,124.784366828,124.771135461,122
124.773411768,124.778023401,124.782509068,124.77210672,123
124.77223481,124.792108896,124.827673395,124.773313371,124
124.774501408,124.805324367,124.837274529,124.772376549,125
124.773100588,124.765976814,124.77965259,124.77175335,126
124.771616278,124.772132055,124.772227476,124.771253127,127
124.770984964,124.799503639,124.841268659,124.772948824,128
124.772095067,124.799082619,124.820428556,124.771995282,129
124.771534645,124.771642317,124.792691171,124.771170629,130
124.771128737,124.766298207,124.766544557,124.77307363,131
124.771746046,124.802676908,124.846769494,124.772109026,132
124.771727479,124.79311338,124.80900256,124.771629117,133
124.771380137,124.774861128,124.798924536,124.772882887,134
124.772337014,124.767658004,124.770612835,124.772425548,135
124.771844712,124.807362385,124.854012564,124.77233725,136
124.771117952,124.788148514,124.795451594,124.771086695,137
124.771745666,124.785472621,124.817149842,124.772081864,138
124.77210657,124.770473035,124.773621413,124.771585375,139
124.772742186,124.81043526,124.858991727,124.772597523,140
124.772937449,124.779304056,124.783888845,124.770515844,141
124.771978971,124.79498434,124.826151893,124.772000694,142
124.772501755,124.771143407,124.781937347,124.771245994,143
124.773788269,124.817525199,124.876877948,124.771068506,144
124.770186375,124.781224051,124.781567485,124.771505847,145
124.771725211,124.806208986,124.846897596,124.772099117,146
124.771778025,124.775974834,124.793114146,124.771432936,147
124.772076347,124.818395194,124.872888108,124.771525128,148
124.771616687,124.781675069,124.786337865,124.770796451,149
124.772113997,124.809957476,124.850434871,124.771056241,150
124.771922633,124.778321742,124.573031846,124.769492972,151
124.770374557,124.819146837,124.64218061,124.769924666,152
124.771228522,124.7802001,124.557199422,124.770131659,153
124.771452252,124.808657026,124.626597276,124.770652468,154
124.770769766,124.780004825,124.581523997,124.770169357,155
124.771349353,124.808030514,124.625714086,124.76993625,156
124.770052227,124.771631916,124.545901269,124.769622215,157
124.770709538,124.807886642,124.630262918,124.769908638,158
113.122674826,105.881319134,124.714771235,123.928935319,30
113.169420804,105.817996805,124.776840785,123.923687763,31
113.185148755,105.796258036,124.668658395,123.931470484,32
113.172818441,105.767007416,124.719992021,123.932159347,33
113.198417473,105.775289893,124.707527511,123.943533739,34
113.191078834,105.749149933,124.775576603,123.947862404,35
113.144478067,105.789359742,124.680629211,123.948780562,36
113.154965444,105.762451523,124.716655089,123.94715379,37
113.135753683,105.809425608,124.707301787,123.942937624,38
113.140703726,105.922008454,124.766869185,123.945737107,39
113.11624311,105.822924779,124.670587575,123.945281845,40
113.173129806,105.808116951,124.701511445,123.947810953,41
113.172827226,105.815176706,124.720818677,123.945401818,42
113.161603738,105.942736126,124.767913622,123.945170292,43
113.180625876,105.809223155,124.695524166,123.948227094,44
113.154332829,105.859568792,124.705594497,123.947180053,45
113.10514566,105.757222022,124.743177089,123.950024212,46
113.186541854,105.697008654,124.751624095,123.949968871,47
113.169828612,105.758140159,124.685226027,123.947657492,48
113.14760183,105.808359743,124.684147984,123.944834968,49
113.19541437,105.781170696,124.758627096,123.946239238,50
113.197365648,105.797637232,124.750758738,123.947847213,51
113.181087471,105.879414847,124.705810756,123.946102545,52
113.218103265,105.867439745,124.688910416,123.949384204,53
113.152618384,105.953964287,124.775150998,123.949250441,54
113.132308601,105.953103168,124.755306462,123.950606082,55
113.139334847,105.876642624,124.707504861,123.94784611,56
113.12750319,105.845762395,124.685322631,123.948882738,57
113.145246615,105.789325696,124.767191791,123.94916433,58
113.142655224,105.74584794,124.74672938,123.950867872,59
113.122199484,105.829364005,124.707164608,123.949286132,60
113.13070548,105.867055602,124.685077814,123.940349288,61
113.121017978,105.98602162,124.769012457,123.945851882,62
113.187160107,105.953755405,124.740520796,123.944017467,63
113.221406495,105.858495713,124.712551996,123.947986994,64
113.194907804,105.916893878,124.689908784,123.947614612,65
113.164600675,105.924261272,124.769345383,123.940224466,66
113.190036309,105.902299053,124.730010166,123.943133566,67
113.198923139,105.85094096,124.737799491,123.943253842,68
113.150681157,105.924157484,124.701831353,123.947963507,69
113.139359797,106.023062442,124.78300156,123.947718385,70
113.143835679,105.85749818,124.719691908,123.926831506,71
113.159257381,105.900969131,124.737002617,123.936780701,72
113.199260216,105.870393188,124.690659136,123.942134987,73
113.195865295,105.914083821,124.779663099,123.922558753,74
113.184152462,105.890686922,124.704605821,123.941907283,75
113.174015421,105.956470656,124.744561601,123.942333483,76
113.137125934,105.91716921,124.696185306,123.936221548,77
113.184137638,105.992103457,124.786792548,123.947317189,78
113.182614131,105.897643887,124.69712817,123.934429905,79
113.208346424,105.891386036,124.750998904,123.941265039,80
113.163082803,105.872769075,124.697893823,123.932812914,81
113.172859443,105.764264683,124.794183757,123.936782748,82
113.136512423,105.783245057,124.698687492,123.932234288,83
113.150298013,105.790010836,124.762539836,123.942052978,84
113.172345406,105.781819422,124.711113967,123.945569689,85
113.171395038,105.782291754,124.794474136,123.946882977,86
113.122397937,105.85909743,124.698283221,123.938514937,87
113.113054404,105.883455412,124.780121737,123.948458381,88
113.142371008,105.861762468,124.718560538,123.934008971,89
113.150883756,105.910945724,124.784601223,123.933762467,90
113.166834615,105.96141304,124.689284622,123.94797445,91
113.162021602,105.820100757,124.77663081,123.948226309,92
113.119224704,105.888463126,124.723934473,123.935035131,93
113.128286804,105.896328787,124.783475887,123.939305228,94
113.163686929,105.812508346,124.683228541,123.922533858,95
113.192048972,105.843363828,124.777857229,123.936843618,96
113.166379206,105.778927137,124.726190946,123.919217136,97
113.198194793,105.848225132,124.778404186,123.916131261,98
113.195831974,105.820919186,124.683435891,123.927197224,99
113.176453533,105.807666046,124.775159468,123.937465822,100
113.140523429,105.794777191,124.731935325,123.948787614,101
113.177028475,105.833234593,124.778792416,123.95070931,102
113.168461096,105.753275995,124.694995373,123.950389564,103
113.188712006,105.658097878,124.771034352,123.950992622,104
113.200949949,105.691363866,124.739338104,123.949182805,105
113.164268793,105.779554158,124.772246393,123.946922044,106
113.143020297,105.734772571,124.697043432,123.94705185,107
113.142950594,105.724389125,124.780806628,123.943294754,108
113.169513217,105.799437447,124.745290482,123.950495241,109
113.169088645,105.724813943,124.746322986,123.952049933,110
113.188462469,105.680633391,124.69847444,123.949691939,111
113.146018181,105.795273137,124.783182494,123.952397446,112
113.144886407,105.764040511,124.765253795,123.943585665,113
113.124965335,105.75111105,124.747097464,123.946575739,114
113.115149446,105.641286591,124.710650217,123.944716852,115
113.088762868,105.743461118,124.791929115,123.946751301,116
113.139481303,105.736227457,124.78075555,123.953077612,117
113.071709687,105.665342772,124.74737448,123.95095056,118
113.101281037,105.748120932,124.717769609,123.949118428,119
113.113348054,105.720970795,124.791918057,123.948140523,120
113.108386264,105.724575488,124.784982305,123.940992491,121
113.150747187,105.664635122,124.749749186,123.948681095,122
113.094087906,105.569321735,124.731658605,123.938160427,123
